# repo_import_path
start: 2026-05-24T13:54:27.1695635-05:00
end: 2026-05-24T13:54:27.3745839-05:00
exit_code: 0

<repo>\sdk\agentguard\__init__.py
